1 3 0 0.00631416 0.0132955 0.0134522 2
1 3 0 0.00304448 0.00104519 0.00413037 1
2 3 0 0.00719925 0.0137942 0.012503 2
2 3 0 0.00142511 0.00193442 0.00453587 1
3 3 0 0.00981553 0.016223 0.0155452 2
3 3 0 0.00384875 0.00339159 0.000169378 1
4 3 0 0.0115894 0.015006 0.0150847 2
4 3 0 0.00207483 0.00460861 0.000629938 1
5 3 0 0.0109997 0.0144865 0.0148881 2
5 3 0 0.00266459 0.00512811 0.000826535 1
6 3 0 0.0110658 0.0144265 0.0148654 2
6 3 0 0.00259851 0.0051881 0.000849237 1
7 3 0 0.0110417 0.014457 0.0149349 2
7 3 0 0.00264723 0.00518217 0.00121103 1
8 3 0 0.0110095 0.0141893 0.0152419 2
8 3 0 0.00276057 0.00537877 0.000630331 1
9 3 0 0.0110734 0.0141899 0.0154767 2
9 3 0 0.00288322 0.00552537 0.000532921 1
10 3 0 0.0107233 0.0141695 0.0155404 2
10 3 0 0.00276378 0.00569694 0.000723033 1
11 3 0 0.0108185 0.0144102 0.0154305 2
11 3 0 0.00241557 0.00553686 0.000455026 1
12 3 0 0.0110195 0.0142376 0.0157526 2
12 3 0 0.0024758 0.00546081 0.000440171 1
13 3 0 0.0111445 0.0141094 0.0153729 2
13 3 0 0.00230675 0.00545798 0.000768348 1
14 3 0 0.0108163 0.0140575 0.0152849 2
14 3 0 0.00183042 0.00559904 0.000487688 1
15 3 0 0.0107992 0.0138631 0.0153123 2
15 3 0 0.00158802 0.00557799 0.000643474 1
16 3 0 0.0110315 0.0137821 0.014958 2
16 3 0 0.00145707 0.00576118 0.000467332 1
17 3 0 0.0110048 0.0141565 0.0147287 2
17 3 0 0.00200902 0.00582857 0.00045201 1
18 3 0 0.0106382 0.0143741 0.0143387 2
18 3 0 0.00208012 0.00593721 0.000604964 1
19 3 0 0.0103246 0.0149791 0.0144569 2
19 3 0 0.00214279 0.00543668 0.000411779 1
20 3 0 0.0105078 0.0148661 0.0143894 2
20 3 0 0.00203324 0.00557168 0.000563367 1
21 3 0 0.0104364 0.0152875 0.0142477 2
21 3 0 0.00213878 0.00558022 0.000888188 1
22 3 0 0.0105983 0.0149482 0.0142411 2
22 3 0 0.00212529 0.00579367 0.00130146 1
23 3 0 0.0102768 0.0148995 0.014594 2
23 3 0 0.00228312 0.0060188 0.000929529 1
24 3 0 0.0104507 0.0148153 0.0144044 2
24 3 0 0.00262703 0.00613525 0.000649745 1
25 3 0 0.0105491 0.0148232 0.0142958 2
25 3 0 0.00235269 0.00623961 0.000697682 1
26 3 0 0.010392 0.014874 0.014001 2
26 3 0 0.00211268 0.00619196 0.00107084 1
27 3 0 0.0109927 0.0146647 0.013906 2
27 3 0 0.00210476 0.00590648 0.00127829 1
28 3 0 0.0106446 0.0146001 0.013711 2
28 3 0 0.00244612 0.00588497 0.00151661 1
29 3 0 0.0108123 0.0146291 0.0135515 2
29 3 0 0.00248984 0.00627732 0.00152496 1
30 3 0 0.0109507 0.0148057 0.0136374 2
30 3 0 0.00286822 0.00607945 0.00153245 1
31 3 0 0.0115788 0.0145555 0.0139588 2
31 3 0 0.00300763 0.00630719 0.0011 1
32 3 0 0.0113793 0.0148083 0.0140879 2
32 3 0 0.00302613 0.00625443 0.00150658 1
33 3 0 0.0112217 0.014769 0.0144161 2
33 3 0 0.00314102 0.00638606 0.0015633 1
34 3 0 0.0110191 0.014621 0.0141584 2
34 3 0 0.00309293 0.00611 0.00178581 1
35 3 0 0.0109786 0.014408 0.0147236 2
35 3 0 0.0028652 0.00624567 0.00182807 1
36 3 0 0.0108434 0.0144656 0.0147704 2
36 3 0 0.00274185 0.00671942 0.00192135 1
37 3 0 0.0107644 0.01437 0.0146183 2
37 3 0 0.00246055 0.00666944 0.00199665 1
38 3 0 0.0111041 0.0141913 0.0142156 2
38 3 0 0.00280274 0.0067694 0.00213486 1
39 3 0 0.0110612 0.0143879 0.0143025 2
39 3 0 0.0027798 0.00704953 0.0020059 1
40 3 0 0.010678 0.014486 0.0144652 2
40 3 0 0.00248724 0.00675059 0.00213469 1
41 3 0 0.010789 0.0148436 0.0140717 2
41 3 0 0.00261388 0.0065301 0.00204048 1
42 3 0 0.0106282 0.0145151 0.0138774 2
42 3 0 0.00241168 0.00677451 0.00183536 1
43 3 0 0.0108858 0.0140403 0.0139873 2
43 3 0 0.00247845 0.0069068 0.00126581 1
44 3 0 0.0110776 0.0140982 0.0140183 2
44 3 0 0.00295562 0.00658797 0.00189946 1
45 3 0 0.0109181 0.0141473 0.0143773 2
45 3 0 0.00271096 0.00649777 0.00154095 1
46 3 0 0.0106942 0.0141771 0.014192 2
46 3 0 0.00279977 0.00642877 0.00152331 1
47 3 0 0.0106188 0.0142287 0.0142718 2
47 3 0 0.00258436 0.00628248 0.00159336 1
48 3 0 0.0105319 0.01426 0.0139147 2
48 3 0 0.00305263 0.00623177 0.00157113 1
49 3 0 0.0105684 0.0142691 0.0139359 2
49 3 0 0.00298385 0.00654659 0.00170945 1
50 3 0 0.0103389 0.0143214 0.0140077 2
50 3 0 0.00292875 0.00621492 0.0020327 1
51 3 0 0.0105904 0.0135954 0.0141125 2
51 3 0 0.00300093 0.00620805 0.00239007 1
52 3 0 0.0102457 0.0136249 0.0141716 2
52 3 0 0.00288054 0.00613485 0.00276792 1
53 3 0 0.0103281 0.0135576 0.0139959 2
53 3 0 0.00270622 0.00634593 0.00276257 1
54 3 0 0.0106771 0.0134681 0.0140615 2
54 3 0 0.00260531 0.00613996 0.00319582 1
55 3 0 0.0104017 0.0133882 0.0137299 2
55 3 0 0.00236238 0.00580473 0.00322049 1
56 3 0 0.0107542 0.0133851 0.0140181 2
56 3 0 0.00170205 0.00571484 0.00262364 1
57 3 0 0.0107727 0.0134941 0.0144087 2
57 3 0 0.00166298 0.00548058 0.00304468 1
58 3 0 0.0109649 0.0133086 0.0145491 2
58 3 0 0.00173273 0.00571555 0.00315892 1
59 3 0 0.0111338 0.0132928 0.0146019 2
59 3 0 0.00173337 0.00591037 0.00333079 1
60 3 0 0.0112731 0.0133956 0.0146914 2
60 3 0 0.00156374 0.00560142 0.00332101 1
61 3 0 0.0117651 0.0137416 0.0147675 2
61 3 0 0.00142536 0.00524337 0.00307008 1
62 3 0 0.0119912 0.0137045 0.0146239 2
62 3 0 0.00133478 0.00503249 0.00334089 1
63 3 0 0.0120943 0.0139819 0.0142597 2
63 3 0 0.00130938 0.00512597 0.00337029 1
64 3 0 0.0119272 0.0140609 0.0144321 2
64 3 0 0.0013886 0.00534646 0.00355439 1
65 3 0 0.0120019 0.0141877 0.0143705 2
65 3 0 0.001235 0.00536793 0.00341397 1
66 3 0 0.0116755 0.0143598 0.0146842 2
66 3 0 0.00113347 0.00563906 0.00334375 1
67 3 0 0.0117794 0.0141984 0.0148097 2
67 3 0 0.00130014 0.00553987 0.00335296 1
68 3 0 0.0115263 0.0138671 0.0151186 2
68 3 0 0.00167983 0.00589551 0.0032521 1
69 3 0 0.0115437 0.0138477 0.0151576 2
69 3 0 0.00161253 0.00575949 0.00322341 1
70 3 0 0.0116789 0.0145478 0.0153459 2
70 3 0 0.0020115 0.00614609 0.00314976 1
71 3 0 0.0120071 0.0144778 0.0155452 2
71 3 0 0.0017926 0.00604166 0.00332639 1
72 3 0 0.0121906 0.0141292 0.0153863 2
72 3 0 0.00169639 0.00581837 0.00332753 1
73 3 0 0.0121604 0.0142907 0.0155413 2
73 3 0 0.00211579 0.00581995 0.00310483 1
74 3 0 0.0119069 0.0143714 0.0159697 2
74 3 0 0.0022809 0.00590582 0.00283985 1
75 3 0 0.011687 0.0143243 0.0157539 2
75 3 0 0.00215049 0.00568623 0.00282601 1
76 3 0 0.0114609 0.0144897 0.0160688 2
76 3 0 0.00238193 0.00579107 0.00312366 1
77 3 0 0.011764 0.0145806 0.0162826 2
77 3 0 0.00253503 0.00576237 0.00313796 1
78 3 0 0.0119852 0.0144009 0.016039 2
78 3 0 0.00257281 0.00583827 0.00311114 1
79 3 0 0.0120868 0.0142554 0.0161428 2
79 3 0 0.00259439 0.00583326 0.00283239 1
80 3 0 0.01182 0.0138948 0.01636 2
80 3 0 0.00302663 0.006094 0.0029369 1
81 3 0 0.0114596 0.0138996 0.0157371 2
81 3 0 0.00307895 0.00660466 0.00333102 1
82 3 0 0.011421 0.0140791 0.0155394 2
82 3 0 0.00294547 0.00612979 0.00325181 1
83 3 0 0.0114191 0.0142646 0.0155305 2
83 3 0 0.00274223 0.00596366 0.00302908 1
84 3 0 0.0112898 0.0145168 0.0158221 2
84 3 0 0.00265602 0.00590562 0.00297939 1
85 3 0 0.0113259 0.0145283 0.0158678 2
85 3 0 0.00262661 0.00579872 0.00313536 1
86 3 0 0.011498 0.0144069 0.0156234 2
86 3 0 0.00244407 0.0057686 0.00313758 1
87 3 0 0.0119512 0.0145985 0.0159712 2
87 3 0 0.00252617 0.00617848 0.00311477 1
88 3 0 0.0116618 0.0145548 0.0160043 2
88 3 0 0.00240446 0.0065537 0.00314001 1
89 3 0 0.0114626 0.0143411 0.016319 2
89 3 0 0.00232491 0.00626642 0.00305442 1
90 3 0 0.0112125 0.0142453 0.0163102 2
90 3 0 0.00241464 0.00629166 0.0032525 1
91 3 0 0.0108224 0.0144798 0.0166034 2
91 3 0 0.00238134 0.00610989 0.0031817 1
92 3 0 0.0105021 0.0143602 0.0166116 2
92 3 0 0.00283176 0.00615579 0.0036427 1
93 3 0 0.0106521 0.014405 0.016671 2
93 3 0 0.00275006 0.00639924 0.00331044 1
94 3 0 0.0108826 0.0143058 0.0167483 2
94 3 0 0.00284374 0.00626417 0.00297763 1
95 3 0 0.0107001 0.0145236 0.0168261 2
95 3 0 0.00282521 0.00625769 0.00288459 1
96 3 0 0.0105757 0.0147682 0.0168615 2
96 3 0 0.00260264 0.00651871 0.00269617 1
97 3 0 0.0104873 0.0151824 6.88933e-05 2
97 3 0 0.00262991 0.00676698 0.00265389 1
98 3 0 0.0107546 0.0153298 0.000175789 2
98 3 0 0.00267828 0.00663552 0.00273979 1
99 3 0 0.0106681 0.0151829 0.000265368 2
99 3 0 0.00268649 0.00681363 0.00296845 1
100 3 0 0.0108107 0.0150543 0.000161807 2
100 3 0 0.00295855 0.00651585 0.00285434 1
101 3 0 0.010962 0.0151172 0.000325056 2
101 3 0 0.00307883 0.00663863 0.0027238 1
102 3 0 0.0110561 0.0151038 9.30475e-05 2
102 3 0 0.00288182 0.00709223 0.00296303 1
103 3 0 0.0106867 0.0151008 1.89607e-05 2
103 3 0 0.002799 0.00703508 0.00347855 1
104 3 0 0.0106592 0.0149204 0.000190948 2
104 3 0 0.00264855 0.00705361 0.00382187 1
105 3 0 0.0107014 0.0151401 0.000329327 2
105 3 0 0.00260805 0.00721404 0.00363315 1
106 3 0 0.0110111 0.0156858 0.000299054 2
106 3 0 0.00261583 0.00722767 0.00384943 1
107 3 0 0.0110947 0.01606 0.000114957 2
107 3 0 0.00291607 0.00741788 0.00375228 1
108 3 0 0.0109647 0.0163964 0.000578476 2
108 3 0 0.00276688 0.00732232 0.00380317 1
109 3 0 0.0110077 0.0163969 0.000611213 2
109 3 0 0.00254415 0.00713652 0.00358822 1
110 3 0 0.0112249 0.0163715 0.000443561 2
110 3 0 0.00249947 0.00740188 0.00339643 1
111 3 0 0.0109056 0.0159932 0.000467344 2
111 3 0 0.00280225 0.00715174 0.00333645 1
112 3 0 0.0108711 0.0159904 0.000526862 2
112 3 0 0.0028848 0.00746913 0.00370707 1
113 3 0 0.0112176 0.0160131 0.000612154 2
113 3 0 0.0028083 0.00769186 0.00376217 1
114 3 0 0.0113143 0.0159071 0.000652679 2
114 3 0 0.0028863 0.00760259 0.00410187 1
115 3 0 0.0112897 0.0158098 0.000825303 2
115 3 0 0.00302965 0.00722631 0.00385347 1
116 3 0 0.0110867 0.015475 0.000674994 2
116 3 0 0.00277094 0.00739299 0.00391402 1
117 3 0 0.0110334 0.0156624 0.000433283 2
117 3 0 0.00268289 0.00744795 0.00347076 1
118 3 0 0.0112242 0.0157964 0.000934925 2
118 3 0 0.00282435 0.00738902 0.00375716 1
119 3 0 0.0115415 0.0157382 0.00137669 2
119 3 0 0.00264891 0.00716326 0.00361216 1
120 3 0 0.0116844 0.0157055 0.00148852 2
120 3 0 0.00266353 0.00723797 0.00377695 1
121 3 0 0.0116888 0.0156259 0.00135789 2
121 3 0 0.00273075 0.00723804 0.00393328 1
122 3 0 0.0112444 0.0159638 0.00136637 2
122 3 0 0.00230245 0.0073075 0.00403855 1
123 3 0 0.0114002 0.0159192 0.00125659 2
123 3 0 0.00240695 0.0072901 0.00399619 1
124 3 0 0.0113049 0.015877 0.00123575 2
124 3 0 0.00238071 0.00720107 0.00391524 1
125 3 0 0.0113429 0.0156034 0.00168257 2
125 3 0 0.00237509 0.00711549 0.00385941 1
126 3 0 0.0111993 0.015322 0.0019296 2
126 3 0 0.00242972 0.00672698 0.0037573 1
127 3 0 0.0113168 0.0151836 0.00236047 2
127 3 0 0.00262293 0.00675855 0.00376194 1
128 3 0 0.0112365 0.0152039 0.00213361 2
128 3 0 0.00251679 0.00658729 0.00383164 1
129 3 0 0.010914 0.0152319 0.00243615 2
129 3 0 0.00233015 0.00666394 0.00357 1
130 3 0 0.0112782 0.0150486 0.0026496 2
130 3 0 0.00268453 0.00650311 0.00353411 1
131 3 0 0.0112196 0.0156699 0.00279 2
131 3 0 0.00288182 0.00679362 0.00363667 1
132 3 0 0.0110186 0.0156132 0.00291424 2
132 3 0 0.00263447 0.00698223 0.00330772 1
133 3 0 0.0109411 0.0152426 0.00259224 2
133 3 0 0.00245389 0.00702346 0.00329154 1
134 3 0 0.0107049 0.0153214 0.00285452 2
134 3 0 0.00250493 0.00684252 0.0031857 1
135 3 0 0.0106352 0.0154904 0.00280251 2
135 3 0 0.00235585 0.00709955 0.00333772 1
136 3 0 0.0101723 0.0157385 0.00262926 2
136 3 0 0.00221192 0.00704869 0.0032296 1
137 3 0 0.010561 0.0158246 0.00206246 2
137 3 0 0.00203564 0.00691698 0.00357217 1
138 3 0 0.0103394 0.015754 0.00211712 2
138 3 0 0.00176413 0.0070293 0.00364192 1
139 3 0 0.010254 0.0154568 0.00219666 2
139 3 0 0.001984 0.00715393 0.00357851 1
140 3 0 0.0103555 0.0155999 0.00173923 2
140 3 0 0.00206313 0.00742234 0.0036377 1
141 3 0 0.0102617 0.0158717 0.0019371 2
141 3 0 0.00194011 0.00760527 0.0037978 1
142 3 0 0.010446 0.0159287 0.0013821 2
142 3 0 0.00182571 0.00741247 0.00399486 1
143 3 0 0.0106989 0.0158217 0.0016649 2
143 3 0 0.00163302 0.00739646 0.00395171 1
144 3 0 0.0110221 0.0157208 0.00176808 2
144 3 0 0.00168408 0.00758847 0.00385755 1
145 3 0 0.0110642 0.0157234 0.00163861 2
145 3 0 0.00180908 0.00739379 0.00419441 1
146 3 0 0.0109444 0.0160001 0.00150682 2
146 3 0 0.00188308 0.00735012 0.00449448 1
147 3 0 0.010905 0.0158491 0.00175208 2
147 3 0 0.00198699 0.00712439 0.00455975 1
148 3 0 0.0108292 0.0160755 0.0018555 2
148 3 0 0.00176245 0.00758949 0.00467239 1
149 3 0 0.0111107 0.0157607 0.00159502 2
149 3 0 0.00197673 0.00758518 0.00501543 1
150 3 0 0.010979 0.0156687 0.00151232 2
150 3 0 0.00168549 0.00738246 0.00502505 1
151 3 0 0.0108739 0.0155861 0.00132802 2
151 3 0 0.0016473 0.00762434 0.00540056 1
152 3 0 0.0109388 0.0158573 0.000952788 2
152 3 0 0.00169131 0.0072611 0.00553086 1
153 3 0 0.0105055 0.0157702 0.000967142 2
153 3 0 0.00169467 0.00735593 0.0055195 1
154 3 0 0.0103033 0.0157272 0.000904522 2
154 3 0 0.00171474 0.00747097 0.00569269 1
155 3 0 0.00998375 0.0161776 0.000822731 2
155 3 0 0.00175209 0.00737085 0.00575103 1
156 3 0 0.00980506 0.0160042 0.000825372 2
156 3 0 0.00191784 0.00740041 0.00525771 1
157 3 0 0.00980799 0.0157942 0.00130848 2
157 3 0 0.00167019 0.00730542 0.00553234 1
158 3 0 0.0100574 0.0159333 0.0014016 2
158 3 0 0.00180552 0.00714423 0.00586598 1
159 3 0 0.00994348 0.0158941 0.00128833 2
159 3 0 0.00173576 0.0073884 0.00579083 1
160 3 0 0.0099814 0.0154247 0.00129368 2
160 3 0 0.00157979 0.00761203 0.00592029 1
161 3 0 0.0102532 0.0155248 0.000958046 2
161 3 0 0.00199237 0.0076559 0.00620729 1
162 3 0 0.0102839 0.0157666 0.00109609 2
162 3 0 0.00173965 0.00759726 0.00635795 1
163 3 0 0.0106053 0.0160253 0.00130695 2
163 3 0 0.00189066 0.00736535 0.00591295 1
164 3 0 0.0104277 0.0161942 0.00112959 2
164 3 0 0.00170046 0.00746297 0.00622961 1
165 3 0 0.010556 0.0163816 0.00132972 2
165 3 0 0.001572 0.00739008 0.00619328 1
166 3 0 0.0102941 0.0162799 0.00141562 2
166 3 0 0.0014955 0.00714218 0.00618479 1
167 3 0 0.00985431 0.0166311 0.00126285 2
167 3 0 0.0014747 0.00690144 0.00599138 1
168 3 0 0.00971113 0.016342 0.00126734 2
168 3 0 0.00151031 0.00654886 0.00615787 1
169 3 0 0.010071 0.0164691 0.0010582 2
169 3 0 0.00162166 0.00638767 0.0066912 1
170 3 0 0.0103269 9.67415e-05 0.00100104 2
170 3 0 0.00203357 0.00609791 0.00698565 1
171 3 0 0.0103809 0.0169227 0.00146438 2
171 3 0 0.00189738 0.00633032 0.0067445 1
172 3 0 0.0103359 1.2632e-05 0.00116985 2
172 3 0 0.0023352 0.00665756 0.00674421 1
173 3 0 0.0102505 0.0167663 0.00122075 2
173 3 0 0.00244202 0.00657969 0.00695328 1
174 3 0 0.0102819 0.0169175 0.00136531 2
174 3 0 0.00208627 0.00667592 0.00683109 1
175 3 0 0.0105878 5.75277e-05 0.00134007 2
175 3 0 0.00218624 0.0066192 0.00670312 1
176 3 0 0.0105371 0.000436172 0.00114906 2
176 3 0 0.0020975 0.00665614 0.00656431 1
177 3 0 0.01063 0.000598032 0.000650371 2
177 3 0 0.00213673 0.00642405 0.00640895 1
178 3 0 0.0108405 0.000798868 0.000465352 2
178 3 0 0.00198596 0.00632176 0.00597298 1
179 3 0 0.0108168 0.00103736 0.000297239 2
179 3 0 0.00194738 0.00603685 0.00626197 1
180 3 0 0.011118 0.00119885 8.27334e-05 2
180 3 0 0.00251987 0.00602382 0.00691087 1
181 3 0 0.0109266 0.00109433 0.000245924 2
181 3 0 0.00245414 0.00610927 0.00722934 1
182 3 0 0.0107466 0.000772193 0.0168946 2
182 3 0 0.0022817 0.00602611 0.00733371 1
183 3 0 0.0107726 0.000990683 0.0168607 2
183 3 0 0.00216504 0.00556101 0.00738194 1
184 3 0 0.0108435 0.00103571 0.0164209 2
184 3 0 0.0022336 0.00558913 0.00758001 1
185 3 0 0.0105607 0.00115027 0.016298 2
185 3 0 0.00224352 0.00547617 0.0078796 1
186 3 0 0.0108365 0.00121423 0.0163685 2
186 3 0 0.00228014 0.00500354 0.00810918 1
187 3 0 0.0109119 0.00139716 0.0163191 2
187 3 0 0.00245749 0.00500418 0.00849244 1
188 3 0 0.0112065 0.00124044 0.0163048 2
188 3 0 0.0025515 0.00489055 0.00872037 1
189 3 0 0.011535 0.00103496 0.016138 2
189 3 0 0.00301115 0.00458782 0.00879221 1
190 3 0 0.0118403 0.00111948 0.0160797 2
190 3 0 0.00313719 0.00469294 0.00895741 1
191 3 0 0.0117345 0.00149145 0.0164236 2
191 3 0 0.00291467 0.0046911 0.00926725 1
192 3 0 0.0120146 0.00166239 0.016459 2
192 3 0 0.00305568 0.00456015 0.00934698 1
193 3 0 0.0120224 0.00168253 0.0166588 2
193 3 0 0.00341776 0.00462652 0.00882644 1
194 3 0 0.011597 0.00164099 0.0163549 2
194 3 0 0.0031417 0.00467708 0.00868361 1
195 3 0 0.0115601 0.00150519 0.0167083 2
195 3 0 0.00360866 0.00455484 0.00854039 1
196 3 0 0.0114206 0.00137042 0.0168782 2
196 3 0 0.00345078 0.00438876 0.00811478 1
197 3 0 0.0113095 0.00141519 0.0166256 2
197 3 0 0.00342916 0.00487002 0.00777551 1
198 3 0 0.0111958 0.00140256 6.32155e-05 2
198 3 0 0.00331029 0.00499011 0.008075 1
199 3 0 0.0111595 0.00147602 0.0166927 2
199 3 0 0.00373678 0.00525585 0.00812571 1
200 3 0 0.0112546 0.00129618 0.0168136 2
200 3 0 0.00374871 0.00520645 0.00818361 1
